1 3 2 5
2 6 3 1 0 5
3 2
4 5 1
5 1 6 4
6 4 0
7 0 2 3 6
8 3 4
9 6 1 2 4
10 5 3
11 1 5 0
12 4 2 1
13 2 6 4
14 0 3 5
15 6 1 3
16 5 0
17 3 4 1
18 1 5 6 0
19 4 2 0
20 2 6 5
21 0 3
22 6 4
23 5 1 2
24 3 0 4 6
25 1 5 6 3
26 4 2 5
27 0 3 6
28 6 4 1
29 5 1 3
30 2 6 0 4
31 0 3 4
32 6 5 1
33 5 1 6
34 2 4
35 4 3
36 3 0 2
37 1 6 3
38 4 2 5
39 0 3 1
40 6 5
41 5 1
42 2 6
43 0 3 6
44 6 4
45 3 1
46 1 0 3
47 4 6
48 2 5 4
49 0 3 5 2
50 6 1 4
51 5 4
52 3 2 1
53 1 6 5
54 4 0 3
55 2 5 6
56 0 4
57 6 1 3
58 5 0 4
59 3 2
60 1 5 2
61 4 3 0 6
62 2 6 4
63 0 3 5 6
64 6 2
65 5 4 0
66 3 1 6
67 1 0
68 4 6
69 2 5 3
70 0 4 6
